 <pre>

 Contingency table for Cloud cover (octas)
 Selection: METCOOP     40 stations
Period: 20220822-20220916
Used {All hours} + 01 02 ... 12
 Limits   0.500000000       1.50000000       2.50000000       3.50000000       4.50000000       5.50000000       6.50000000       7.50000000    
 Each class is data <= limit, the very last > last limit
 Total number of values       83928
                                                       OBSERVATION
                                   7496     2867     1748     1142      739      661      545      819     1005 |     17022
                                   1476      542      485      450      391      441      399      620      738 |      5542
                                    888      289      299      257      240      283      352      521      590 |      3719
                                    655      225      222      226      199      235      313      485      577 |      3137
                      MNWC_ref      615      187      215      193      158      265      353      493      627 |      3106
                                    555      170      212      206      202      249      337      562      707 |      3200
                                    587      173      206      225      242      311      449      748      874 |      3815
                                    919      210      261      264      316      486      716     1334     1558 |      6064
                                   1654      414      724      732     1004     1547     2907     9087    20254 |     38323

                    SUM           14845     5077     4372     3695     3491     4478     6371    14669    26930 |     83928
                                                       OBSERVATION
                                   7389     2912     1629      984      618      527      441      672      935 |     16107
                                   1400      567      520      447      372      392      377      512      668 |      5255
                                    870      263      310      257      251      305      332      447      488 |      3523
                                    656      183      226      233      212      250      283      425      491 |      2959
                       MNWC_2h      560      178      222      217      188      264      311      450      566 |      2956
                                    604      157      199      217      210      282      371      515      610 |      3165
                                    660      185      215      234      210      322      449      644      843 |      3762
                                    955      223      277      345      318      499      690     1305     1420 |      6032
                                   1751      409      774      761     1112     1637     3117     9699    20909 |     40169

                    SUM           14845     5077     4372     3695     3491     4478     6371    14669    26930 |     83928
                                                       OBSERVATION
                                   7442     2897     1620     1023      645      567      460      674      923 |     16251
                                   1427      581      553      473      375      417      408      528      684 |      5446
                                    853      282      289      247      279      271      292      453      561 |      3527
                                    658      216      233      232      214      246      305      446      543 |      3093
                       MNWC_3h      553      156      213      205      193      239      312      468      550 |      2889
                                    570      139      207      201      188      292      366      503      626 |      3092
                                    645      184      233      233      221      329      479      691      783 |      3798
                                    928      205      276      322      304      491      714     1303     1533 |      6076
                                   1769      417      748      759     1072     1626     3035     9603    20727 |     39756

                    SUM           14845     5077     4372     3695     3491     4478     6371    14669    26930 |     83928

