 <pre>

 Contingency table for Cloud base (m)
 Selection: ALL    652 stations
Period: 20220822-20220916
Used {All hours} + 01 02 ... 12
 Limits    70.0000000       150.000000       300.000000       600.000000       1000.00000       1500.00000       2500.00000       5000.00000    
 Each class is data <= limit, the very last > last limit
 Total number of values     2733693
                                                       OBSERVATION
                                  14323     6059     3884     1687     1392     1413     1817     1206     4040 |     35821
                                   3732     8176     9716     3438     1478      423      288      414      457 |     28122
                                   2821    13966    34770    16925     4889     1382      987      824      946 |     77510
                                   3038     8631    36893    63973    25037     6499     4076     2258     2534 |    152939
                      MNWC_ref     3686     5528    18937    60891    89045    34903    13251     7108    12373 |    245722
                                   4589     5388    15753    37908    90137   136935    59066    17550    31543 |    398869
                                   3466     4865    11521    22180    37104    55627   102003    28876    34482 |    300124
                                   2337     4260     9759    13974    19181    15941    27657    68798    20085 |    181992
                                  24541    13024    28025    61434   116352   158131   174151   128933   608003 |   1312594

                    SUM           62533    69897   169258   282410   384615   411254   383296   255967   714463 |   2733693
                                                       OBSERVATION
                                  12964     5047     3470     1820     1534     1587     1593     1076     3992 |     33083
                                   3166     7282     9131     3823     1712      426      301      316      449 |     26606
                                   2719    12680    32950    17145     5518     1515      955      694      676 |     74852
                                   2857     8373    35542    61349    27473     8016     4501     2611     2337 |    153059
                       MNWC_2h     3285     5290    17932    58663    88913    39490    14961     7672    11816 |    248022
                                   4146     5041    15539    35010    86891   137755    61886    17913    31379 |    395560
                                   4145     5510    13059    24229    38060    57154   103631    30443    36237 |    312468
                                   3191     5204    10963    16329    20822    17398    30855    69970    23156 |    197888
                                  26060    15470    30672    64042   113692   147913   164613   125272   604421 |   1292155

                    SUM           62533    69897   169258   282410   384615   411254   383296   255967   714463 |   2733693
                                                       OBSERVATION
                                  13119     5497     3679     1892     1526     1455     1723     1064     3877 |     33832
                                   3190     7386     9404     3760     1686      382      298      303      331 |     26740
                                   2673    12915    32916    16745     5091     1520      883      658      647 |     74048
                                   2930     8173    35627    61957    26956     7705     4276     2383     2323 |    152330
                       MNWC_3h     3241     5256    18317    58878    87830    38462    14436     7440    11756 |    245616
                                   4205     5333    15508    35733    87961   138020    61784    17653    30874 |    397071
                                   4071     5414    12583    23552    37137    56144   102351    29498    35348 |    306098
                                   2838     5022    10929    15807    21062    16994    29419    69235    21260 |    192566
                                  26266    14901    30295    64086   115366   150572   168126   127733   608047 |   1305392

                    SUM           62533    69897   169258   282410   384615   411254   383296   255967   714463 |   2733693

