 <pre>

 Contingency table for Low clouds (octas)
 Selection: ALL    626 stations
Period: 20220822-20220916
Used {All hours} + 01 02 ... 12
 Limits    1.00000000       2.00000000       3.00000000       4.00000000       5.00000000       6.00000000       7.00000000    
 Each class is data <= limit, the very last > last limit
 Total number of values     2865266
                                              OBSERVATION
                                 983185    76304    58636    41309    39906    33584    57908    92696 |   1383528
                                  55429    12326    11626     8761     9008     8205    15921    24725 |    146001
                                  38908     9579     9315     7303     7356     6913    13999    20996 |    114369
                      MNWC_ref    33919     9347     9333     7161     7770     7288    14854    21390 |    111062
                                  30207     9486     9878     7563     8190     7898    16021    23079 |    112322
                                  29209     9909    10820     8481     9335     9521    19741    28528 |    125544
                                  35475    12899    13844    11051    13117    13242    30203    46940 |    176771
                                  70018    37297    42916    36125    43543    50843   129006   285921 |    695669

                    SUM         1276350   177147   166368   127754   138225   137494   297653   544275 |   2865266
                                              OBSERVATION
                                 979322    75679    58213    40881    39606    33579    58480   100973 |   1386733
                                  55936    12029    11454     8665     8794     8072    16246    26339 |    147535
                                  38797     9216     9278     7251     7157     6682    13345    21612 |    113338
                       MNWC_2h    34020     9249     9194     7192     7457     7034    13953    21822 |    109921
                                  29843     9344     9665     7550     8244     7720    15441    23072 |    110879
                                  29435    10123    10208     8485     9364     9331    18942    28323 |    124211
                                  36044    12950    14231    11011    12985    13156    29852    46146 |    176375
                                  72953    38557    44125    36719    44618    51920   131394   275988 |    696274

                    SUM         1276350   177147   166368   127754   138225   137494   297653   544275 |   2865266
                                              OBSERVATION
                                 984016    75940    58419    41529    39828    33663    59080    99836 |   1392311
                                  55190    11938    11319     8682     8877     8019    15975    26043 |    146043
                                  38074     9330     9212     7156     7166     6654    13449    21594 |    112635
                       MNWC_3h    33609     9236     9244     7216     7464     7184    14301    21915 |    110169
                                  29779     9117     9606     7377     8074     7582    15632    23622 |    110789
                                  29609    10109    10500     8464     9452     9349    19103    28539 |    125125
                                  35055    12981    14395    10663    13116    13152    30029    46175 |    175566
                                  71018    38496    43673    36667    44248    51891   130084   276551 |    692628

                    SUM         1276350   177147   166368   127754   138225   137494   297653   544275 |   2865266

