 <pre>

 Contingency table for Rh2m (%)
 Selection: METCOOP    521 stations
Period: 20220822-20220916
Used {All hours} + 00 01 ... 12
 Limits    30.0000000       50.0000000       65.0000000       75.0000000       85.0000000       95.0000000       100.000000    
 Each class is data <= limit, the very last > last limit
 Total number of values     3946009
                                              OBSERVATION
                                    153      598       24        0        1        0        0        0 |       776
                                   1045   135833   100699     7880     1452      161        8        0 |    247078
                                    126    57020   413707   191139    57486    15729     2957        0 |    738164
                      MNWC_ref        2     3766   103283   298720   224141    78546    16461        0 |    724919
                                      0      768    20764   132570   367017   260320    69986        0 |    851425
                                      0       72     4057    30853   174784   443028   239610        0 |    892404
                                      0        2      483     3968    36769   139470   294607        0 |    475299
                                      0        0        1      128     1058     3411    11346        0 |     15944

                    SUM            1326   198059   643018   665258   862708   940665   634975        0 |   3946009
                                              OBSERVATION
                                    164      512       14        8        1        0        0        0 |       699
                                   1039   124763    73331     5960     1481      217       26        0 |    206817
                                    121    67371   415759   163478    48492    14543     3358        0 |    713122
                       MNWC_2h        2     4342   123582   312836   216891    75469    17614        0 |    750736
                                      0      937    24736   143956   378190   267694    72468        0 |    887981
                                      0      128     5022    34510   179166   443230   243767        0 |    905823
                                      0        6      572     4388    37492   136833   288323        0 |    467614
                                      0        0        2      122      995     2679     9419        0 |     13217

                    SUM            1326   198059   643018   665258   862708   940665   634975        0 |   3946009
                                              OBSERVATION
                                    180      570        6        0        0        0        0        0 |       756
                                   1012   127620    82047     6477     1476      201       16        0 |    218849
                                    134    64636   412879   171999    51978    14916     3272        0 |    719814
                       MNWC_3h        0     4245   118631   307904   218707    76614    17358        0 |    743459
                                      0      869    24310   140763   373645   266958    72156        0 |    878701
                                      0      114     4638    33641   177833   441458   243570        0 |    901254
                                      0        5      506     4337    38012   137558   288983        0 |    469401
                                      0        0        1      137     1057     2960     9620        0 |     13775

                    SUM            1326   198059   643018   665258   862708   940665   634975        0 |   3946009

