 <pre>

 Contingency table for Cloud base (m)
 Selection: METCOOP    234 stations
Period: 20220822-20220916
Used {All hours} + 01 02 ... 12
 Limits    70.0000000       150.000000       300.000000       600.000000       1000.00000       1500.00000       2500.00000       5000.00000    
 Each class is data <= limit, the very last > last limit
 Total number of values     1049732
                                                       OBSERVATION
                                   7348     3985     2533      830      513      947     1496      330     1725 |     19707
                                   1354     4377     6264     1589      459      284      178      111       98 |     14714
                                   1099     6966    20480     8127     1565      888      510      205      206 |     40046
                                   1027     3895    20001    27869     9285     3547     2272      753      463 |     69112
                      MNWC_ref     1090     2316     9203    23975    35066    16448     6332     2642     2271 |     99343
                                   2281     2798     8799    15969    31184    71092    34016     6510     9360 |    182009
                                   1585     2009     5241     9311     9858    26210    50240     8143     6771 |    119368
                                    905     1822     3598     4729     4033     5172     8790    17548     2861 |     49458
                                  13496     5474    11459    24787    40341    78169    78546    33492   170211 |    455975

                    SUM           30185    33642    87578   117186   132304   202757   182380    69734   193966 |   1049732
                                                       OBSERVATION
                                   7281     3382     2169      812      453     1148     1360      319     1705 |     18629
                                   1439     4289     6295     1663      423      298      206       90      200 |     14903
                                   1274     6902    20757     9044     1751      999      588      183      178 |     41676
                                   1209     4289    20647    29640    11249     4687     2589     1147      744 |     76201
                       MNWC_2h     1193     2576     9051    23440    38801    20646     7867     3414     3328 |    110316
                                   1911     2358     8258    14335    28733    72536    36090     7128    10889 |    182238
                                   1701     2024     5657     9884    10061    26451    52419     8789     7260 |    124246
                                   1257     2189     3761     4905     4139     5616     9915    18177     3636 |     53595
                                  12920     5633    10983    23463    36694    70376    71346    30487   166026 |    427928

                    SUM           30185    33642    87578   117186   132304   202757   182380    69734   193966 |   1049732
                                                       OBSERVATION
                                   7202     3557     2165      814      459     1029     1446      306     1736 |     18714
                                   1422     4259     6396     1643      427      274      209       69      149 |     14848
                                   1206     6915    20457     8826     1714      984      533      173      177 |     40985
                                   1181     4075    20411    29305    10838     4509     2465     1055      622 |     74461
                       MNWC_3h     1123     2554     9455    23289    37455    19542     7448     3252     3037 |    107155
                                   1955     2560     8301    14441    29366    72429    35960     6848     9935 |    181795
                                   1633     1938     5396     9628     9945    25738    51340     8459     6947 |    121024
                                   1094     2105     3904     5014     4206     5514     9571    17938     3276 |     52622
                                  13369     5679    11093    24226    37894    72738    73408    31634   168087 |    438128

                    SUM           30185    33642    87578   117186   132304   202757   182380    69734   193966 |   1049732

