 <pre>

 Contingency table for Visibility (m)
 Selection: ALL    719 stations
Period: 20220822-20220916
Used {All hours} + 00 01 ... 12
 Limits    1000.00000       5000.00000       10000.0000       20000.0000    
 Each class is data <= limit, the very last > last limit
 Total number of values     4426749
                                     OBSERVATION
                                  13053     8522     5999     9381    13073 |     50028
                                  28528    49435    70645   124830   161664 |    435102
                      MNWC_ref    10667    26472    50517   132812   242015 |    462483
                                   6849    23526    62564   242622   746241 |   1081802
                                   9349    22762    90150   448809  1826264 |   2397334

                    SUM           68446   130717   279875   958454  2989257 |   4426749
                                     OBSERVATION
                                  12004     7201     5546     8927    11923 |     45601
                                  27617    47787    68885   123219   155444 |    422952
                       MNWC_2h    11604    27662    50079   129800   234626 |    453771
                                   7435    24501    64095   249195   772881 |   1118107
                                   9786    23566    91270   447313  1814383 |   2386318

                    SUM           68446   130717   279875   958454  2989257 |   4426749
                                     OBSERVATION
                                  12319     7642     5508     8786    12387 |     46642
                                  27395    47236    68169   120951   155000 |    418751
                       MNWC_3h    11297    27177    48880   126991   229494 |    443839
                                   7767    24403    62975   244822   758496 |   1098463
                                   9668    24259    94343   456904  1833880 |   2419054

                    SUM           68446   130717   279875   958454  2989257 |   4426749

