 <pre>

 Contingency table for Low clouds (octas)
 Selection: METCOOP    232 stations
Period: 20220822-20220916
Used {All hours} + 01 02 ... 12
 Limits    1.00000000       2.00000000       3.00000000       4.00000000       5.00000000       6.00000000       7.00000000    
 Each class is data <= limit, the very last > last limit
 Total number of values     1107696
                                              OBSERVATION
                                 281635    26093    22161    17868    15892    13136    25578    51067 |    453430
                                  20045     4812     4606     3739     3775     3263     7151    12731 |     60122
                                  14485     3767     3772     3053     3073     2678     6447    10957 |     48232
                      MNWC_ref    13087     3687     3708     2895     3163     2713     6867    11160 |     47280
                                  11342     3719     3931     3073     3334     2971     7388    11923 |     47681
                                  11096     3828     4128     3386     3834     3504     9272    14636 |     53684
                                  13359     5190     5434     4517     5542     4822    14068    23833 |     76765
                                  25934    18131    18845    18327    20439    20399    62038   136389 |    320502

                    SUM          390983    69227    66585    56858    59052    53486   138809   272696 |   1107696
                                              OBSERVATION
                                 269373    23847    19843    16091    14124    11849    23399    50112 |    428638
                                  21550     4809     4451     3610     3568     3121     6942    12938 |     60989
                                  15521     3623     3651     3033     2995     2593     5796    10836 |     48048
                       MNWC_2h    13969     3716     3630     2923     3021     2711     6363    10952 |     47285
                                  12234     3830     3858     3075     3364     2838     7108    11512 |     47819
                                  12155     4142     4050     3515     3886     3415     8910    14148 |     54221
                                  14939     5377     5908     4775     5656     4832    13991    23256 |     78734
                                  31242    19883    21194    19836    22438    22127    66300   138942 |    341962

                    SUM          390983    69227    66585    56858    59052    53486   138809   272696 |   1107696
                                              OBSERVATION
                                 273831    24381    20635    16760    14579    12121    24227    50998 |    437532
                                  21044     4791     4408     3624     3711     3101     7040    13060 |     60779
                                  15135     3656     3611     2974     2962     2556     6062    10887 |     47843
                       MNWC_3h    13462     3680     3589     3012     3063     2734     6488    11143 |     47171
                                  11898     3686     3712     3004     3235     2909     7184    11820 |     47448
                                  11921     4119     4069     3492     3869     3425     8864    14199 |     53958
                                  14046     5243     5893     4525     5631     4898    14005    23179 |     77420
                                  29646    19671    20668    19467    22002    21742    64939   137410 |    335545

                    SUM          390983    69227    66585    56858    59052    53486   138809   272696 |   1107696

