 <pre>

 Contingency table for 6h Precipitation (mm/6h)
 Selection: ALL    687 stations
Period: 20220822-20220916
Used {All hours} + 06-00 07-01 08-02 09-03 10-04 11-05 12-06
 Limits   0.100000001      0.200000003      0.500000000       1.00000000       2.00000000       5.00000000       10.0000000       20.0000000       35.0000000    
 Each class is data <= limit, the very last > last limit
 Total number of values     2373480
                                                       OBSERVATION
                                1823322    28500    36279    21088    15898    13513     5652     2261      175        7 |   1946695
                                  40156     3667     5895     4443     3587     2581      812      341       24        1 |     61507
                                  47648     5370     9669     8349     7021     5415     1515      563       53        4 |     85607
                                  28990     4153     8766     8725     8415     6805     1843      579       69        5 |     68350
                      MNWC_ref    20239     3461     8281    10959    13764    12476     2897      904      112        5 |     73098
                                  13671     2361     5544     8686    15768    26684     9305     2676      304       21 |     85020
                                   4526      588     1022     1550     3248     9547     9358     4190      573       27 |     34629
                                   1982      156      325      348      767     2043     3541     4998     1067      111 |     15338
                                    373       21       54       62      112      235      380      939      599       65 |      2840
                                     74        6       15       16       24       45       47       99       57       13 |       396

                    SUM         1980981    48283    75850    64226    68604    79344    35350    17550     3033      259 |   2373480
                                                       OBSERVATION
                                1808639    27996    35681    21113    16077    13450     5660     2217      150       13 |   1930996
                                  42429     3455     5777     4342     3502     2744      830      338       32        2 |     63451
                                  51232     5405     9331     8106     7035     5621     1535      522       62        2 |     88851
                                  33038     4431     8696     8719     8482     6890     1876      556       86        3 |     72777
                       MNWC_2h    23255     3725     8672    10843    13302    12305     3170      991      142        4 |     76409
                                  15538     2510     6135     8923    15823    26205     9593     2988      316       14 |     88045
                                   4598      578     1164     1772     3452     9793     9009     4507      570       22 |     35465
                                   1892      153      329      335      795     2059     3286     4494     1102       85 |     14530
                                    294       22       54       57      117      250      367      878      531       87 |      2657
                                     66        8       11       16       19       27       24       59       42       27 |       299

                    SUM         1980981    48283    75850    64226    68604    79344    35350    17550     3033      259 |   2373480
                                                       OBSERVATION
                                1814160    28372    35986    21164    16373    13755     5726     2253      162       10 |   1937961
                                  41784     3530     5805     4462     3372     2769      808      317       24        3 |     62874
                                  50430     5396     9362     8336     7009     5576     1487      523       43        1 |     88163
                                  31202     4298     8646     8634     8686     6839     1764      585       58        9 |     70721
                       MNWC_3h    21961     3478     8523    10763    13329    12386     3182     1021      103        8 |     74754
                                  14594     2359     5957     8697    15730    26050     9687     2875      337       16 |     86302
                                   4555      648     1156     1725     3218     9671     8980     4362      581       22 |     34918
                                   1908      175      357      369      779     1998     3294     4664     1119       86 |     14749
                                    316       21       52       68       91      267      384      858      559       83 |      2699
                                     71        6        6        8       17       33       38       92       47       21 |       339

                    SUM         1980981    48283    75850    64226    68604    79344    35350    17550     3033      259 |   2373480

