 <pre>

 Contingency table for 3h Precipitation (mm/3h)
 Selection: ALL    606 stations
Period: 20220822-20220916
Used {All hours} + 03 04 ... 12
 Limits   0.100000001      0.200000003      0.500000000       1.00000000       2.00000000       5.00000000       10.0000000       15.0000000       20.0000000    
 Each class is data <= limit, the very last > last limit
 Total number of values     3279867
                                                       OBSERVATION
                                2708131    33514    41008    24338    19240    15273     5142     1276       38       15 |   2847975
                                  49251     4103     6598     5005     3911     2669      727      142       15        4 |     72425
                                  57150     6485    11680    10085     7854     5076     1241      300       35        7 |     99913
                                  34645     5595    11588    11814    10394     6472     1590      350       31        6 |     82485
                      MNWC_ref    22197     4095     9655    13276    16231    12188     2585      510       70        9 |     80816
                                  13526     1974     4500     7092    12251    19273     6531     1205      214       62 |     66628
                                   3882      464      856     1177     2142     5696     5745     1647      396      141 |     22146
                                    791       81      156      187      402      882     1321      857      341       97 |      5115
                                    228       37       34       63      112      219      299      235      144       71 |      1442
                                    221       21       40       70       84      100      146      110       86       44 |       922

                    SUM         2890022    56369    86115    73107    72621    67848    25327     6632     1370      456 |   3279867
                                                       OBSERVATION
                                2690507    32712    40273    24643    19449    15253     5177     1240       37       18 |   2829309
                                  52683     4187     6656     5031     3956     2733      696      154        8        0 |     76104
                                  62918     6755    11739     9890     7873     5152     1271      290       21        9 |    105918
                                  38831     5656    11533    11899    10458     6700     1695      379       37       10 |     87198
                       MNWC_2h    25322     4327     9901    12755    15616    12225     2837      548       70       13 |     83614
                                  14756     2169     4949     7466    12641    19260     6859     1254      262       52 |     69668
                                   3716      442      827     1147     2130     5351     5216     1743      429       99 |     21100
                                    844       76      165      189      349      867     1139      744      312      120 |      4805
                                    261       29       41       68      104      223      314      208      149       77 |      1474
                                    184       16       31       19       45       84      123       72       45       58 |       677

                    SUM         2890022    56369    86115    73107    72621    67848    25327     6632     1370      456 |   3279867
                                                       OBSERVATION
                                2696863    33124    40766    24773    19588    15468     5221     1238       40       16 |   2837097
                                  51647     4100     6533     5153     4000     2643      630      157        7        1 |     74871
                                  61021     6708    11764    10245     7863     5148     1285      302       26        7 |    104369
                                  37069     5562    11568    11745    10635     6604     1572      371       30        6 |     85162
                       MNWC_3h    24257     4082     9708    12720    15725    12141     2771      577       69       11 |     82061
                                  14188     2215     4670     7048    12228    19383     6869     1231      249       49 |     68130
                                   3784      441      906     1132     2029     5180     5375     1642      396      120 |     21005
                                    798       96      140      180      391      931     1205      802      338      111 |      4992
                                    214       24       33       61      105      234      262      222      147       85 |      1387
                                    181       17       27       50       57      116      137       90       68       50 |       793

                    SUM         2890022    56369    86115    73107    72621    67848    25327     6632     1370      456 |   3279867

