 <pre>

 Contingency table for 3h Precipitation (mm/3h)
 Selection: METCOOP    347 stations
Period: 20220822-20220916
Used {All hours} + 03 04 ... 12
 Limits   0.100000001      0.200000003      0.500000000       1.00000000       2.00000000       5.00000000       10.0000000       15.0000000       20.0000000    
 Each class is data <= limit, the very last > last limit
 Total number of values     2063983
                                                       OBSERVATION
                                1696290    18614    24709    13412     9396     6544     1809      473        8        0 |   1771255
                                  32501     2798     4604     3215     2313     1464      295       65        5        3 |     47263
                                  38334     4589     8388     6943     5189     2954      570      113       16        3 |     67099
                                  23475     4083     8753     8945     7359     4085      876      144       15        4 |     57739
                      MNWC_ref    14827     2987     7165    10222    12209     8555     1566      250       39        7 |     57827
                                   7820     1254     2999     5040     8742    13682     4120      716      106       44 |     44523
                                   1998      255      449      706     1293     3829     3867     1034      231      111 |     13773
                                    386       33       88       87      189      520      885      581      278       80 |      3127
                                     93       18       17       39       48      120      201      170      121       56 |       883
                                     84       12       26       43       32       58       69       67       71       32 |       494

                    SUM         1815808    34643    57198    48652    46770    41811    14258     3613      890      340 |   2063983
                                                       OBSERVATION
                                1681558    17864    23985    13619     9513     6558     1814      408        6        0 |   1755325
                                  35972     2912     4692     3271     2452     1631      321       55        4        0 |     51310
                                  43227     4886     8528     6866     5040     3018      597      108        5        8 |     72283
                                  26620     4176     8737     8977     7366     4257      908      158       17        6 |     61222
                       MNWC_2h    16908     3102     7382     9788    11825     8426     1684      305       40        8 |     59468
                                   9007     1405     3299     5305     9078    13697     4422      771      127       36 |     47147
                                   1933      246      460      696     1289     3537     3481     1066      263       79 |     13050
                                    386       37       87       99      157      523      786      538      274       98 |      2985
                                    121       12       18       28       38      118      186      161      119       58 |       859
                                     76        3       10        3       12       46       59       43       35       47 |       334

                    SUM         1815808    34643    57198    48652    46770    41811    14258     3613      890      340 |   2063983
                                                       OBSERVATION
                                1685948    18168    24282    13569     9527     6613     1801      416        4        0 |   1760328
                                  34948     2800     4629     3383     2439     1582      253       56        2        0 |     50092
                                  41947     4760     8464     7098     5089     3065      605      123        8        3 |     71162
                                  25309     4095     8748     8902     7487     4225      834      169       14        1 |     59784
                       MNWC_3h    16297     3005     7246     9769    11937     8431     1631      307       33        6 |     58662
                                   8813     1501     3207     5075     8853    13778     4407      751      110       33 |     46528
                                   2048      259      526      715     1216     3353     3651      989      246       97 |     13100
                                    362       40       69       97      170      577      833      588      292       99 |      3127
                                     83        7       16       23       32      132      165      163      124       60 |       805
                                     53        8       11       21       20       55       78       51       57       41 |       395

                    SUM         1815808    34643    57198    48652    46770    41811    14258     3613      890      340 |   2063983

