 <pre>

 Contingency table for Visibility (m)
 Selection: METCOOP    270 stations
Period: 20220822-20220916
Used {All hours} + 00 01 ... 12
 Limits    1000.00000       5000.00000       10000.0000       20000.0000    
 Each class is data <= limit, the very last > last limit
 Total number of values     1839386
                                     OBSERVATION
                                   6859     4409     3722     5863    10910 |     31763
                                  12240    16157    25832    50377   109637 |    214243
                      MNWC_ref     4041     5390     8786    20700   106704 |    145621
                                   3531     6053    12316    39119   334454 |    395473
                                   3793     7167    14931   103394   923001 |   1052286

                    SUM           30464    39176    65587   219453  1484706 |   1839386
                                     OBSERVATION
                                   6971     3832     3266     5307     9906 |     29282
                                  11980    15669    25382    49694   108450 |    211175
                       MNWC_2h     3898     5978     9088    21744   109863 |    150571
                                   3610     6406    12593    40700   352150 |    415459
                                   4005     7291    15258   102008   904337 |   1032899

                    SUM           30464    39176    65587   219453  1484706 |   1839386
                                     OBSERVATION
                                   7096     3878     3264     5358    10285 |     29881
                                  11726    15783    25452    49272   108462 |    210695
                       MNWC_3h     3971     5815     8859    21370   107005 |    147020
                                   3767     6389    12690    40260   346305 |    409411
                                   3904     7311    15322   103193   912649 |   1042379

                    SUM           30464    39176    65587   219453  1484706 |   1839386

