 <pre>

 Contingency table for Rh2m (%)
 Selection: ALL   1058 stations
Period: 20220822-20220916
Used {All hours} + 00 01 ... 12
 Limits    30.0000000       50.0000000       65.0000000       75.0000000       85.0000000       95.0000000       100.000000    
 Each class is data <= limit, the very last > last limit
 Total number of values     7231449
                                              OBSERVATION
                                   8327    11565      228       11        2        0        0        0 |     20133
                                   4761   356399   212377    19216     5111     1779      180        0 |    599823
                                    130    91750   771317   378991   114287    34219     5650        0 |   1396344
                      MNWC_ref        3     5202   171182   550078   414938   141217    27451        0 |   1310071
                                      0     1069    31787   211581   647079   469984   111601        0 |   1473101
                                      0      139     6797    47065   279698   847121   425558        0 |   1606378
                                      0        4      574     5024    45330   234676   516968        0 |    802576
                                      0        0        1      128     1085     4022    17787        0 |     23023

                    SUM           13221   466128  1194263  1212094  1507530  1733018  1105195        0 |   7231449
                                              OBSERVATION
                                   8393    14950      462       53        6        2        0        0 |     23866
                                   4684   340205   180952    18472     5955     2254      280        0 |    552802
                                    139   103889   774918   349873   109147    35444     6869        0 |   1380279
                       MNWC_2h        5     5658   193902   567636   414688   143150    29750        0 |   1354789
                                      0     1213    35285   218562   651120   490219   117717        0 |   1514116
                                      0      205     7986    51469   277760   831293   432892        0 |   1601605
                                      0        8      756     5905    47817   227303   503767        0 |    785556
                                      0        0        2      124     1037     3353    13920        0 |     18436

                    SUM           13221   466128  1194263  1212094  1507530  1733018  1105195        0 |   7231449
                                              OBSERVATION
                                   8879    17577      751       67        8        4        0        0 |     27286
                                   4172   345535   202196    21879     7366     3024      396        0 |    584568
                                    166    96290   766004   366005   117694    38409     7777        0 |   1392345
                       MNWC_3h        4     5457   183138   556710   417527   146660    30753        0 |   1340249
                                      0     1090    34186   212212   642798   488372   117568        0 |   1496226
                                      0      172     7324    49362   273558   827012   431018        0 |   1588446
                                      0        7      662     5721    47481   225835   503134        0 |    782840
                                      0        0        2      138     1098     3702    14549        0 |     19489

                    SUM           13221   466128  1194263  1212094  1507530  1733018  1105195        0 |   7231449

