 <pre>

 Contingency table for Cloud cover (octas)
 Selection: ALL    405 stations
Period: 20220822-20220916
Used {All hours} + 01 02 ... 12
 Limits   0.500000000       1.50000000       2.50000000       3.50000000       4.50000000       5.50000000       6.50000000       7.50000000    
 Each class is data <= limit, the very last > last limit
 Total number of values     1782193
                                                       OBSERVATION
                                 157190    37909    29075    17959    11268    12526    11364    13399    16704 |    307394
                                  39220    12879    11852    10416     7574     9104     9985    13483    19055 |    133568
                                  20481     7442     7120     6497     5200     6753     7658    11081    16813 |     89045
                                  15823     5826     5801     5385     4617     6026     7418    10981    17422 |     79299
                      MNWC_ref    14009     5427     5504     5309     4691     6442     8162    11903    19766 |     81213
                                  12760     5358     5412     5384     4848     6879     9348    13924    23921 |     87834
                                  13610     5720     5748     5914     5545     8031    11729    17884    32213 |    106394
                                  17602     7387     7377     7879     7362    11379    17180    29890    58263 |    164319
                                  30070    16228    14085    17187    16318    28103    48385   137955   424796 |    733127

                    SUM          320765   104176    91974    81930    67423    95243   131229   260500   628953 |   1782193
                                                       OBSERVATION
                                 159047    38664    28699    18113    11403    12412    11220    13629    18161 |    311348
                                  38687    12818    11929    10125     7687     8802     9750    13408    20079 |    133285
                                  20056     7230     7116     6299     5103     6468     7345    11117    17562 |     88296
                                  15503     5728     5955     5388     4470     5985     7032    10671    17807 |     78539
                       MNWC_2h    13581     5506     5514     5355     4747     6338     7820    11953    19921 |     80735
                                  12677     5260     5294     5431     4937     6929     9149    13749    23863 |     87289
                                  13660     5699     5856     6005     5428     8166    11632    17754    32753 |    106953
                                  17156     7357     7488     8118     7548    11740    17387    29990    58572 |    165356
                                  30398    15914    14123    17096    16100    28403    49894   138229   420235 |    730392

                    SUM          320765   104176    91974    81930    67423    95243   131229   260500   628953 |   1782193
                                                       OBSERVATION
                                 161790    38946    29033    18255    11597    12588    11491    13966    18303 |    315969
                                  38536    12840    11996    10220     7648     9166     9652    13261    20021 |    133340
                                  19641     7232     7005     6338     5228     6465     7421    11102    17280 |     87712
                                  15193     5782     5934     5244     4627     5927     7050    10746    17770 |     78273
                       MNWC_3h    13436     5523     5423     5388     4685     6334     8005    12001    20062 |     80857
                                  12448     5137     5328     5371     4888     6921     9142    13978    24388 |     87601
                                  13027     5738     5890     6087     5484     8185    11626    17875    32498 |    106410
                                  16907     7124     7332     8001     7481    11561    17403    29908    59187 |    164904
                                  29787    15854    14033    17026    15785    28096    49439   137663   419444 |    727127

                    SUM          320765   104176    91974    81930    67423    95243   131229   260500   628953 |   1782193

